7 0.31953125 0.646875 0.115625 0.08984375
7 0.3203125 0.40546875 0.11640625 0.08984375
7 0.31796875 0.2828125 0.11015625 0.09921875
7 0.32265625 0.528125 0.11015625 0.0953125
7 0.43984375 0.284375 0.11171875 0.09921875
7 0.43984375 0.40859375 0.11171875 0.1
7 0.44140625 0.52734375 0.11015625 0.09375
7 0.44296875 0.65 0.1046875 0.08984375
7 0.559375 0.284375 0.11015625 0.09921875
7 0.56171875 0.4046875 0.1078125 0.0984375
7 0.5640625 0.5296875 0.109375 0.08984375
7 0.56484375 0.64609375 0.1 0.084375
7 0.68125 0.2875 0.11015625 0.09765625
7 0.6828125 0.52734375 0.11171875 0.096875
7 0.6828125 0.6484375 0.10859375 0.09296875
7 0.684375 0.40390625 0.10625 0.0875